0
43
BUTTON : 50010000 : -11,0,0,0,400,0,0,0,0,3,2,1,34,Arial : 1101 : 689,202,100,19 : Set Control Active
BUTTON : 50010000 : -11,0,0,0,400,0,0,0,0,3,2,1,34,Arial : 1102 : 689,222,100,19 : Clear Control Mode
BUTTON : 50010000 : -11,0,0,0,400,0,0,0,0,3,2,1,34,Arial : 1103 : 689,262,100,19 : Restart
BUTTON : 50010000 : -11,0,0,0,400,0,0,0,0,3,2,1,34,Arial : 1104 : 689,242,100,19 : Download
BUTTON : 50010001 : -13,0,0,0,400,0,0,0,0,3,2,1,34,Arial : 1105 : 279,538,200,19 : Send Changes to the Sure-Trak
BUTTON : 50010000 : -11,0,0,0,400,0,0,0,0,3,2,1,34,Arial : 1110 : 26,386,70,16 : Manual Null
BUTTON : 50010000 : -11,0,0,0,400,0,0,0,0,3,2,1,34,Arial : 1111 : 100,386,70,16 : Auto Null
EDIT : 50010000 : -11,0,0,0,400,0,0,0,0,3,2,1,34,Arial : 1113 : 72,428,50,14 : 0.6
EDIT : 50010000 : -11,0,0,0,400,0,0,0,0,3,2,1,34,Arial : 1114 : 444,226,50,14 : -3.0
EDIT : 50010000 : -11,0,0,0,400,0,0,0,0,3,2,1,34,Arial : 1115 : 575,239,30,12 : 0.6
EDIT : 50010000 : -11,0,0,0,400,0,0,0,0,3,2,1,34,Arial : 1116 : 575,254,30,12 : 0.6
EDIT : 50010000 : -11,0,0,0,400,0,0,0,0,3,2,1,34,Arial : 1117 : 606,239,30,12 : 0.6
EDIT : 50010000 : -11,0,0,0,400,0,0,0,0,3,2,1,34,Arial : 1118 : 606,254,30,12 : 0.6
EDIT : 50010000 : -11,0,0,0,400,0,0,0,0,3,2,1,34,Arial : 1119 : 637,239,30,12 : 0.6
EDIT : 50010000 : -11,0,0,0,400,0,0,0,0,3,2,1,34,Arial : 1120 : 637,254,30,12 : 0.6
BUTTON : 50030009 : -11,0,0,0,400,0,0,0,0,3,2,1,34,Arial : 1121 : 523,359,90,15 : Normal Step
BUTTON : 50000009 : -11,0,0,0,400,0,0,0,0,3,2,1,34,Arial : 1122 : 523,373,98,15 : Alternate Step
EDIT : 50030000 : -11,0,0,0,400,0,0,0,0,3,2,1,34,Arial : 1123 : 718,363,50,14 : 0.2
EDIT : 50010000 : -11,0,0,0,400,0,0,0,0,3,2,1,34,Arial : 1124 : 718,379,50,14 : 0.3
EDIT : 50010000 : -11,0,0,0,400,0,0,0,0,3,2,1,34,Arial : 1125 : 720,395,50,14 : 0.4
EDIT : 50010000 : -11,0,0,0,400,0,0,0,0,3,2,1,34,Arial : 1126 : 636,474,50,14 : -3.0
BUTTON : 50035F09 : -13,0,0,0,400,0,0,0,0,3,2,1,34,Arial : 1127 : 0,292,109,20 : Valve Test
BUTTON : 50005F09 : -13,0,0,0,400,0,0,0,0,3,2,1,34,Arial : 1128 : 109,292,109,20 : Set DAC Voltage
BUTTON : 50005F09 : -13,0,0,0,400,0,0,0,0,3,2,1,34,Arial : 1129 : 219,292,109,20 : Transducer Test
BUTTON : 50005F09 : -13,0,0,0,400,0,0,0,0,3,2,1,34,Arial : 1130 : 328,292,109,20 : Plot
BUTTON : 50005F09 : -13,0,0,0,400,0,0,0,0,3,2,1,34,Arial : 1131 : 436,292,109,20 : Profile Setup
BUTTON : 50005F09 : -13,0,0,0,400,0,0,0,0,3,2,1,34,Arial : 1132 : 545,292,115,20 : Global Parameters
BUTTON : 50005F09 : -13,0,0,0,400,0,0,0,0,3,2,1,34,Arial : 1133 : 660,292,115,20 : Control Pgm Mods
BUTTON : 50030300 : -11,0,0,0,400,0,0,0,0,3,2,1,34,Arial : 1134 : 229,147,130,19 : Set Command Mode
BUTTON : 50010300 : -11,0,0,0,400,0,0,0,0,3,2,1,34,Arial : 1135 : 229,167,130,19 : Set Data Collection Mode
BUTTON : 50000003 : -11,0,0,0,400,0,0,0,0,3,2,1,34,Arial : 1137 : 227,16,14,15 : 
BUTTON : 50000003 : -11,0,0,0,400,0,0,0,0,3,2,1,34,Arial : 1138 : 227,32,14,15 : 
BUTTON : 50000003 : -11,0,0,0,400,0,0,0,0,3,2,1,34,Arial : 1139 : 227,48,14,15 : 
BUTTON : 50000003 : -11,0,0,0,400,0,0,0,0,3,2,1,34,Arial : 1140 : 227,64,14,15 : 
BUTTON : 50000003 : -11,0,0,0,400,0,0,0,0,3,2,1,34,Arial : 1141 : 227,80,14,15 : 
BUTTON : 50000003 : -11,0,0,0,400,0,0,0,0,3,2,1,34,Arial : 1142 : 227,96,14,15 : 
BUTTON : 50000003 : -11,0,0,0,400,0,0,0,0,3,2,1,34,Arial : 1144 : 596,16,14,15 : 
BUTTON : 50000003 : -11,0,0,0,400,0,0,0,0,3,2,1,34,Arial : 1145 : 596,32,14,15 : 
BUTTON : 50000003 : -11,0,0,0,400,0,0,0,0,3,2,1,34,Arial : 1146 : 596,48,14,15 : 
BUTTON : 50000003 : -11,0,0,0,400,0,0,0,0,3,2,1,34,Arial : 1147 : 596,64,14,15 : 
BUTTON : 50000003 : -11,0,0,0,400,0,0,0,0,3,2,1,34,Arial : 1148 : 596,80,14,15 : 
BUTTON : 50000003 : -11,0,0,0,400,0,0,0,0,3,2,1,34,Arial : 1149 : 596,96,14,15 : 
msctls_progress32 : 50000001 : -11,0,0,0,400,0,0,0,0,3,2,1,34,Arial : 1149 : 266,356,58,11 : 
